31.69
30.38
32.39
31.88
32.78
32.8
32.55
30.13
34.14
34.64
35.06
35.31
34.82
35.64
35.44
35.94
35.06
34.65
34.21
37.22
37.56
36.85
36.18
36.53
36.31
36.56
36.88
37.05
36.91
37.75
37.04
37.89
37.28
37.92
36.48
37.35
36.58
37.34
37.39
38.14
38.51
38.45
39.34
39.69
38.69
39.56
39.35
38.01
39.2
38.77
39.83
38
38.92
38.85
38.92
39.54
38.64
39.57
38.94
38.07
38.35
39.44
38.95
38.31
38.68
39.21
38.38
39.48
38.49
39.83
38.54
41.53
40.38
40.57
40.18
41.15
41.37
41.09
40.85
41.29
41.3
41.36
41.27
41.89
40.42
41.42
40.47
40.24
41.21
40.9
40.92
41.32
41.54
40.7
41.32
40.83
41.68
41.67
40.51
41.23
41.16
41.08
41.74
40.53
40.64
40.24
41.88
41.29
40.96
41.28
41.09
41.29
41.09
41.44
41.04
41.99
40.44
40.21
40.22
40.13
40.81
40.9
40.73
41.53
41.26
41.54
41.87
41.95
40.38
40.28
41.39
40.19
41.05
41.06
41.72
40.97
40.79
41.34
41.48
41.04
40.7
40.3
41.17
40.52
40.09
41.51
40.49
40.88
43.38
42.72
43.47
42.79
43.37
43.41
42.88
42.04
42.66
42.85
42.54
42.39
43.64
42.86
43.78
42.78
43.54
42.79
43.62
43.51
42.75
42.43
43.58
43.9
42.66
43.34
44.88
45.67
45.54
44.33
45.72
45.98
45.03
45.77
45.18
44.31
44.4
44.81
45.5
45.65
45.58
44.64
45.07
44.18
44.22
44.27
48.71
47.98
46.76
47.98
46.59
46.22
